50
0 11
0 32
0 43
1 15
1 19
1 21
1 31
1 38
1 40
2 9
2 25
3 7
3 21
3 40
3 42
4 11
4 37
5 7
5 15
5 16
5 23
5 28
5 38
5 44
5 48
6 18
6 21
6 30
6 35
6 45
7 14
7 24
7 29
7 32
7 34
8 23
9 18
9 28
9 46
10 29
10 46
11 14
11 48
12 16
12 19
12 34
12 36
12 40
12 48
13 15
13 41
14 20
14 24
14 26
14 30
14 33
15 22
15 25
15 34
16 17
16 37
17 41
17 42
17 46
17 48
18 47
19 23
20 21
20 22
20 33
20 42
20 45
20 47
21 42
21 47
21 48
22 23
22 33
22 49
23 28
23 44
24 27
24 32
24 43
25 44
25 49
26 27
26 41
26 45
27 43
27 49
28 30
30 34
31 40
31 45
32 36
32 38
32 49
34 40
34 49
35 49
39 45
39 47
40 43
42 44
42 45
43 45
45 47
45 48
