50
48 5
48 35
48 11
48 41
48 43
48 21
48 26
48 45
48 2
48 46
48 4
48 0
48 14
48 3
48 1
48 16
48 9
15 5
15 12
15 11
15 41
15 43
15 7
15 8
15 22
15 17
15 19
15 40
15 45
15 2
15 13
15 4
15 14
15 3
15 32
15 23
15 42
15 20
15 27
15 34
15 39
5 37
5 6
5 7
5 26
5 40
5 25
5 29
5 36
5 14
5 32
5 38
5 20
5 34
5 1
5 16
5 49
5 33
10 35
10 37
10 12
10 6
10 41
10 7
10 26
10 40
10 45
10 46
10 14
10 23
10 30
10 20
10 27
10 34
10 1
10 44
31 35
31 37
31 11
31 41
31 43
31 21
31 26
31 8
31 18
31 19
31 28
31 25
31 13
31 36
31 30
31 38
31 1
35 37
35 12
35 6
35 43
35 8
35 22
35 40
35 28
35 25
35 29
35 13
35 36
35 4
35 3
35 32
35 30
35 42
35 38
35 20
35 27
35 16
35 49
35 33
37 43
37 7
37 21
37 8
37 22
37 17
37 18
37 40
37 45
37 47
37 28
37 25
37 2
37 36
37 46
37 14
37 32
37 30
37 20
37 1
37 16
37 39
37 9
37 44
12 11
12 6
12 41
12 43
12 7
12 26
12 8
12 22
12 25
12 29
12 2
12 36
12 24
12 4
12 0
12 14
12 3
12 23
12 38
12 27
12 39
12 49
12 33
11 43
11 26
11 8
11 22
11 17
11 18
11 28
11 25
11 36
11 4
11 14
11 32
11 23
11 42
11 34
11 44
11 49
6 41
6 21
6 22
6 18
6 40
6 29
6 13
6 36
6 4
6 0
6 32
6 23
6 30
6 42
6 38
6 20
6 27
6 1
6 39
6 9
6 33
41 7
41 17
41 18
41 40
41 47
41 28
41 25
41 29
41 13
41 36
41 24
41 14
41 3
41 23
41 30
41 42
41 20
41 27
41 34
41 39
41 9
41 49
41 33
43 26
43 8
43 17
43 19
43 45
43 28
43 25
43 13
43 4
43 14
43 3
43 32
43 30
43 38
43 27
43 34
43 16
43 39
43 49
7 22
7 19
7 45
7 47
7 28
7 25
7 2
7 13
7 46
7 4
7 3
7 23
7 42
7 20
7 34
7 16
7 39
7 49
7 33
21 8
21 22
21 40
21 47
21 25
21 32
21 23
21 30
21 42
21 27
21 16
21 39
21 49
26 17
26 19
26 40
26 25
26 2
26 46
26 4
26 14
26 32
26 42
26 38
26 27
26 39
8 17
8 18
8 19
8 47
8 25
8 29
8 2
8 36
8 4
8 14
8 3
8 32
8 23
8 20
8 1
8 9
8 49
8 33
22 17
22 40
22 45
22 47
22 28
22 29
22 2
22 13
22 46
22 4
22 23
22 30
22 20
22 27
22 1
22 49
22 33
17 45
17 47
17 25
17 36
17 0
17 14
17 3
17 32
17 38
17 27
17 34
17 16
17 9
17 49
17 33
18 40
18 2
18 13
18 24
18 4
18 0
18 14
18 3
18 23
18 20
18 1
18 16
18 9
18 44
19 40
19 47
19 28
19 2
19 3
19 32
19 42
19 38
19 1
19 39
19 9
40 45
40 47
40 28
40 29
40 13
40 24
40 46
40 4
40 0
40 14
40 34
40 39
40 44
40 49
40 33
45 47
45 13
45 0
45 3
45 30
45 38
45 34
45 39
45 44
45 49
45 33
47 28
47 25
47 2
47 13
47 36
47 4
47 14
47 32
47 27
47 16
47 39
47 49
47 33
28 36
28 46
28 0
28 32
28 42
28 38
28 27
28 16
28 39
28 49
25 13
25 36
25 4
25 0
25 3
25 30
25 42
25 20
25 34
25 1
25 39
25 49
29 2
29 13
29 24
29 0
29 14
29 30
29 42
29 27
29 16
29 39
29 44
29 33
2 13
2 3
2 27
2 39
2 9
13 36
13 24
13 46
13 4
13 14
13 34
13 1
13 39
13 9
13 44
13 33
36 46
36 4
36 0
36 3
36 42
36 27
36 34
36 1
36 39
36 49
24 42
24 20
24 34
24 44
24 33
46 0
46 3
46 32
46 23
46 42
46 20
46 27
46 1
46 44
4 14
4 3
4 23
4 20
4 1
4 39
0 14
0 23
0 42
0 27
0 1
0 44
0 33
14 3
14 30
14 42
14 38
14 20
14 1
14 16
14 44
3 42
3 20
3 27
3 34
3 16
3 9
3 44
3 49
3 33
32 42
32 34
32 9
32 33
23 38
23 27
23 34
23 9
23 44
23 49
30 38
30 34
30 39
30 49
42 39
42 9
42 49
38 20
38 1
38 39
38 44
38 49
20 1
20 39
20 9
20 44
20 49
27 39
27 49
27 33
34 1
34 16
34 39
34 44
34 33
1 39
1 33
16 9
16 49
39 9
39 44
39 49
9 44
44 33
