30
0 2
0 5
0 8
0 10
0 11
0 13
0 14
0 21
0 26
1 2
1 3
1 4
1 5
1 6
1 15
1 16
1 18
1 22
1 27
1 28
2 3
2 4
2 5
2 8
2 9
2 10
2 12
2 13
2 14
2 19
2 20
2 24
2 26
2 27
2 28
2 29
3 5
3 7
3 8
3 9
3 12
3 20
3 23
3 26
3 28
4 9
4 13
4 14
4 17
4 22
4 24
4 28
4 29
5 7
5 8
5 9
5 13
5 14
5 16
5 17
5 18
5 20
5 21
5 23
5 25
6 8
6 9
6 18
6 21
6 24
6 25
6 28
6 29
7 8
7 9
7 13
7 16
7 17
7 19
7 21
7 22
7 24
7 25
7 26
7 29
8 9
8 13
8 14
8 17
8 18
8 27
8 29
9 13
9 20
9 21
9 23
9 25
9 29
10 11
10 15
10 18
10 19
10 20
10 22
10 23
10 26
10 29
11 12
11 14
11 15
11 16
11 17
11 18
11 21
11 25
11 26
12 14
12 15
12 16
12 18
12 19
12 20
12 21
12 23
12 24
12 25
12 26
12 27
12 29
13 15
13 17
13 20
13 22
13 24
13 27
14 15
14 16
14 17
14 18
14 19
14 22
14 23
14 24
14 25
14 26
14 28
14 29
15 16
15 24
15 25
15 26
15 28
15 29
16 18
16 19
16 20
16 21
16 23
16 26
16 28
17 20
17 23
17 24
17 27
18 19
18 20
18 21
18 22
18 23
18 28
18 29
19 23
19 26
19 28
20 21
20 22
20 24
20 28
21 25
21 26
21 28
22 24
22 27
22 29
23 25
24 25
24 27
24 28
25 27
25 28
26 28
26 29
27 28
27 29
28 29
