50
48 43
48 0
48 1
15 8
15 19
15 45
15 4
15 42
15 20
5 6
5 29
10 12
10 45
10 20
10 34
31 43
31 30
35 12
35 8
35 22
35 28
35 36
35 42
35 16
35 49
37 18
37 45
37 46
37 32
37 39
12 26
12 25
12 24
12 0
12 3
11 28
6 18
6 36
6 9
41 24
41 9
43 26
43 49
7 22
7 19
7 3
7 23
7 20
7 49
21 8
21 27
26 40
26 25
26 2
26 46
26 14
8 47
8 29
8 3
22 17
22 30
17 27
17 34
17 9
17 49
18 44
19 28
40 45
40 47
40 14
40 34
40 39
40 44
45 34
45 44
45 49
47 28
47 14
47 33
28 36
28 16
25 13
25 0
25 1
29 16
29 33
2 13
2 27
2 39
13 1
13 33
36 46
46 3
4 20
4 39
0 23
0 42
0 33
3 20
3 33
32 33
38 39
38 44
20 1
34 16
34 39
1 39
39 44
39 49
